10 0.96 0.24324324324324326 0.08 0.2972972972972973
10 0.93 0.3581081081081081 0.14 0.5135135135135135
10 0.87 0.44256756756756754 0.26 0.6554054054054054
10 0.8375 0.5641891891891891 0.325 0.8581081081081081
10 0.07 0.3885135135135135 0.13 0.6013513513513513
10 0.2375 0.5641891891891891 0.075 0.8445945945945946
10 0.215 0.5608108108108109 0.25 0.8648648648648649
10 0.6025 0.5304054054054054 0.345 0.8175675675675675
10 0.65 0.4864864864864865 0.35 0.7837837837837838
10 0.68 0.44594594594594594 0.34 0.7837837837837838
10 0.765 0.4594594594594595 0.39 0.8513513513513513
10 0.4475 0.5608108108108109 0.205 0.8648648648648649
10 0.2525 0.5135135135135135 0.295 0.8108108108108109