1 0.10390625 0.63984375 0.2078125 0.1890625
1 0.6 0.2984375 0.1 0.15
1 0.153125 0.56328125 0.18125 0.215625
1 0.95390625 0.5953125 0.090625 0.328125
1 0.38203125 0.42890625 0.1828125 0.1796875
1 0.34921875 0.3046875 0.1203125 0.1140625
1 0.02109375 0.44453125 0.0421875 0.1140625
1 0.49296875 0.66953125 0.1453125 0.4234375
1 0.3140625 0.2078125 0.109375 0.103125
1 0.74296875 0.65390625 0.1765625 0.378125
1 0.2578125 0.27890625 0.078125 0.0671875
1 0.18203125 0.41796875 0.1796875 0.1921875
1 0.3765625 0.27734375 0.1171875 0.1328125
1 0.25078125 0.38046875 0.1375 0.146875
1 0.88515625 0.63125 0.1140625 0.3234375
1 0.1390625 0.28671875 0.1328125 0.140625
1 0.16328125 0.28984375 0.11875 0.0984375
1 0.61796875 0.3875 0.1359375 0.0890625
1 0.54375 0.43203125 0.1296875 0.10625
1 0.871875 0.45703125 0.078125 0.115625
1 0.4 0.51796875 0.125 0.15
1 0.58515625 0.6453125 0.0703125 0.2421875
1 0.62265625 0.509375 0.1140625 0.09375
1 0.72578125 0.4515625 0.0796875 0.075
1 0.65859375 0.4453125 0.11875 0.10625
1 0.8171875 0.6703125 0.128125 0.284375
1 0.084375 0.39140625 0.034375 0.084375
1 0.321875 0.6453125 0.225 0.234375