3 0.21394230769230768 0.5132211538461539 0.3942307692307692 0.78125
3 0.4423076923076923 0.4579326923076923 0.23076923076923078 0.6370192307692307
3 0.9158653846153846 0.3329326923076923 0.16346153846153846 0.6610576923076923
3 0.05889423076923077 0.5240384615384616 0.11778846153846154 0.7596153846153846
3 0.8112980769230769 0.38822115384615385 0.21875 0.5889423076923077
3 0.5348557692307693 0.359375 0.15144230769230768 0.4879807692307692
3 0.6766826923076923 0.47836538461538464 0.21875 0.5240384615384616
3 0.6394230769230769 0.21153846153846154 0.15865384615384615 0.3269230769230769
3 0.5697115384615384 0.12740384615384615 0.09615384615384616 0.16826923076923078
3 0.2644230769230769 0.1971153846153846 0.25961538461538464 0.3605769230769231
3 0.18269230769230768 0.26322115384615385 0.09615384615384616 0.18028846153846154