3 0.16706730769230768 0.7644230769230769 0.09375 0.46634615384615385
3 0.3858173076923077 0.7512019230769231 0.12259615384615384 0.4254807692307692
3 0.4411057692307692 0.8569711538461539 0.11298076923076923 0.28125
3 0.5637019230769231 0.7896634615384616 0.09375 0.37740384615384615
3 0.6514423076923077 0.7439903846153846 0.1201923076923077 0.4014423076923077
3 0.484375 0.7223557692307693 0.0985576923076923 0.4831730769230769
3 0.8161057692307693 0.7824519230769231 0.12259615384615384 0.43028846153846156
3 0.08774038461538461 0.6526442307692307 0.10336538461538461 0.4206730769230769
3 0.9194711538461539 0.7848557692307693 0.13701923076923078 0.4254807692307692
3 0.23076923076923078 0.6045673076923077 0.09615384615384616 0.3581730769230769
3 0.030048076923076924 0.6466346153846154 0.06009615384615385 0.3701923076923077
3 0.7512019230769231 0.7199519230769231 0.10817307692307693 0.44471153846153844
3 0.9747596153846154 0.7163461538461539 0.04567307692307692 0.47115384615384615