0 0.06323185011709602 0.4822916666666667 0.08665105386416862 0.11875
0 0.4847775175644028 0.5364583333333334 0.0585480093676815 0.11458333333333333
0 0.2265807962529274 0.4635416666666667 0.040983606557377046 0.13958333333333334
0 0.1715456674473068 0.49166666666666664 0.04800936768149883 0.11666666666666667
0 0.29449648711943793 0.4947916666666667 0.04800936768149883 0.13125
0 0.65807962529274 0.6302083333333334 0.06323185011709602 0.11875
0 0.629976580796253 0.5625 0.06088992974238876 0.12916666666666668
0 0.4238875878220141 0.5229166666666667 0.0585480093676815 0.11666666666666667
0 0.3553864168618267 0.528125 0.09016393442622951 0.12708333333333333
0 0.7259953161592506 0.5989583333333334 0.04918032786885246 0.13541666666666666
0 0.9332552693208431 0.6458333333333334 0.06323185011709602 0.175
0 0.9800936768149883 0.7072916666666667 0.03747072599531616 0.08958333333333333
0 0.8567447306791569 0.672875 0.08617096018735364 0.159125
0 0.7686299765807962 0.6284583333333333 0.04332552693208431 0.13816666666666666
0 0.7578922716627635 0.5594166666666667 0.054414519906323185 0.0611875