0 0.6346604215456675 0.74375 0.01873536299765808 0.06666666666666667
0 0.7224824355971897 0.765625 0.0234192037470726 0.07708333333333334
0 0.6007025761124122 0.7645833333333333 0.0351288056206089 0.075
0 0.6844262295081968 0.765625 0.02459016393442623 0.07291666666666667
0 0.6604215456674473 0.7541666666666667 0.02810304449648712 0.058333333333333334
0 0.45550351288056207 0.753125 0.0351288056206089 0.06458333333333334
0 0.49882903981264637 0.8520833333333333 0.03981264637002342 0.07916666666666666
0 0.7218969555035128 0.86875 0.01990632318501171 0.075
0 0.5942622950819673 0.8572916666666667 0.01990632318501171 0.07291666666666667
0 0.6346604215456675 0.8541666666666666 0.01405152224824356 0.058333333333333334
0 0.7488290398126464 0.8583333333333333 0.01990632318501171 0.05416666666666667
0 0.5491803278688525 0.7375 0.04918032786885246 0.075
0 0.6621779859484778 0.8479166666666667 0.02224824355971897 0.041666666666666664
0 0.6844262295081968 0.865625 0.02459016393442623 0.06875
0 0.4566744730679157 0.8427083333333333 0.0351288056206089 0.06875
0 0.49824355971896955 0.75625 0.04332552693208431 0.075