0 0.36640625 0.34305555555555556 0.0859375 0.14722222222222223
0 0.59375 0.5083333333333333 0.06875 0.2222222222222222
0 0.4140625 0.49722222222222223 0.0625 0.2611111111111111
0 0.7703125 0.7305555555555555 0.15 0.16666666666666666
0 0.91171875 0.4777777777777778 0.1515625 0.2111111111111111
0 0.6265625 0.31805555555555554 0.109375 0.14722222222222223
0 0.496875 0.39305555555555555 0.184375 0.20277777777777778
0 0.73046875 0.48194444444444445 0.0859375 0.25277777777777777
0 0.2328125 0.7 0.06875 0.23333333333333334
0 0.23828125 0.4152777777777778 0.0515625 0.19722222222222222
0 0.17465625 0.5308055555555555 0.09515625 0.21244444444444446
0 0.2109375 0.4708333333333333 0.059375 0.225
0 0.807625 0.3928333333333333 0.082953125 0.20047222222222222
0 0.832609375 0.25958333333333333 0.07668749999999999 0.13269444444444445