0 0.94140625 0.4527777777777778 0.1140625 0.19444444444444445
0 0.4640625 0.4722222222222222 0.0375 0.16111111111111112
0 0.41640625 0.6611111111111111 0.0453125 0.23333333333333334
0 0.32578125 0.6416666666666667 0.0515625 0.20555555555555555
0 0.3359375 0.9180555555555555 0.128125 0.14722222222222223
0 0.284375 0.5805555555555556 0.11875 0.2
0 0.0140625 0.5680555555555555 0.028125 0.2638888888888889
0 0.3 0.49444444444444446 0.046875 0.07222222222222222
0 0.09296875 0.6541666666666667 0.0796875 0.3194444444444444
0 0.59453125 0.6291666666666667 0.1453125 0.24166666666666667
0 0.7421875 0.375 0.040625 0.11666666666666667
0 0.84640625 0.47152777777777777 0.11365624999999999 0.12452777777777778
0 0.6599999999999999 0.4969722222222222 0.10290625 0.11430555555555555