0 0.1411007025761124 0.4791666666666667 0.11124121779859485 0.12083333333333333
0 0.718384074941452 0.5604166666666667 0.06206088992974239 0.1375
0 0.3237704918032787 0.46041666666666664 0.05035128805620609 0.15416666666666667
0 0.8548009367681498 0.6145833333333334 0.07259953161592506 0.15416666666666667
0 0.7704918032786885 0.6322916666666667 0.06088992974238876 0.12291666666666666
0 0.2652224824355972 0.490625 0.05503512880562061 0.09791666666666667
0 0.3881733021077283 0.49166666666666664 0.040983606557377046 0.12083333333333333
0 0.5714285714285714 0.5395833333333333 0.06791569086651054 0.11666666666666667
0 0.515807962529274 0.5114583333333333 0.07377049180327869 0.13125
0 0.43618266978922715 0.5239583333333333 0.08079625292740047 0.12708333333333333
0 0.9859484777517564 0.6760416666666667 0.02576112412177986 0.12291666666666666
0 0.9385245901639344 0.6739583333333333 0.08782201405152225 0.13958333333333334