0 0.2681498829039813 0.5645833333333333 0.06323185011709602 0.12916666666666668
0 0.20784543325526933 0.521875 0.05269320843091335 0.14375
0 0.05913348946135832 0.48333333333333334 0.04800936768149883 0.16666666666666666
0 0.02107728337236534 0.4979166666666667 0.04215456674473068 0.1125
0 0.15515222482435598 0.5489583333333333 0.05035128805620609 0.10625
0 0.4964871194379391 0.571875 0.053864168618266976 0.09375
0 0.7060889929742389 0.6375 0.08430913348946135 0.1375
0 0.12412177985948478 0.515625 0.06557377049180328 0.13125
0 0.7131147540983607 0.71875 0.07259953161592506 0.14166666666666666
0 0.39366510538641686 0.6394791666666666 0.07887587822014051 0.12252083333333334
0 0.3545667447306792 0.6217916666666666 0.05418032786885246 0.1034375
0 0.4996018735362998 0.6711041666666666 0.06139344262295082 0.10283333333333333
0 0.5487704918032786 0.6309375 0.027997658079625294 0.12662500000000002
0 0.623056206088993 0.6897916666666667 0.06846604215456674 0.15962500000000002
0 0.47092505854800937 0.641375 0.04039812646370024 0.10339583333333334