0 0.6323185011709602 0.7427083333333333 0.01639344262295082 0.06458333333333334
0 0.6001170960187353 0.7635416666666667 0.03395784543325527 0.07291666666666667
0 0.7236533957845434 0.7645833333333333 0.02107728337236534 0.075
0 0.4560889929742389 0.753125 0.03629976580796253 0.06875
0 0.7494145199063232 0.796875 0.0234192037470726 0.052083333333333336
0 0.6604215456674473 0.7541666666666667 0.02810304449648712 0.058333333333333334
0 0.4994145199063232 0.8520833333333333 0.03864168618266979 0.07916666666666666
0 0.569672131147541 0.7427083333333333 0.03864168618266979 0.06458333333333334
0 0.7494145199063232 0.8572916666666667 0.02107728337236534 0.052083333333333336
0 0.7224824355971897 0.86875 0.01873536299765808 0.075
0 0.5521077283372365 0.7364583333333333 0.04566744730679157 0.07291666666666667
0 0.6323185011709602 0.8541666666666666 0.0117096018735363 0.058333333333333334
0 0.5936768149882904 0.8572916666666667 0.02107728337236534 0.07291666666666667
0 0.6855971896955504 0.8645833333333334 0.026932084309133488 0.07083333333333333
0 0.6610070257611241 0.8489583333333334 0.02459016393442623 0.04375
0 0.45550351288056207 0.8416666666666667 0.0351288056206089 0.06666666666666667
0 0.569672131147541 0.8552083333333333 0.03395784543325527 0.06875
0 0.49824355971896955 0.7552083333333334 0.04566744730679157 0.07708333333333334