0 0.11007025761124122 0.53125 0.09133489461358314 0.11666666666666667
0 0.699648711943794 0.6010416666666667 0.059718969555035126 0.14375
0 0.5579625292740047 0.5822916666666667 0.059718969555035126 0.12291666666666666
0 0.31381733021077285 0.5197916666666667 0.05152224824355972 0.15208333333333332
0 0.37763466042154564 0.5364583333333334 0.05035128805620609 0.12291666666666666
0 0.49765807962529274 0.5541666666666667 0.07494145199063232 0.125
0 0.2693208430913349 0.5333333333333333 0.04918032786885246 0.1
0 0.9250585480093677 0.7166666666666667 0.07494145199063232 0.13333333333333333
0 0.9877049180327869 0.6302083333333334 0.02224824355971897 0.08125
0 0.4314988290398126 0.5677083333333334 0.059718969555035126 0.12291666666666666
0 0.7798594847775175 0.6760416666666667 0.06088992974238876 0.12708333333333333
0 0.8331381733021077 0.65625 0.07845433255269321 0.15