0 0.2786885245901639 0.446875 0.04918032786885246 0.19791666666666666
0 0.3401639344262295 0.4666666666666667 0.05035128805620609 0.20416666666666666
0 0.8858313817330211 0.4197916666666667 0.07845433255269321 0.23958333333333334
0 0.19379391100702575 0.45208333333333334 0.12763466042154567 0.425
0 0.9812646370023419 0.38645833333333335 0.0351288056206089 0.16041666666666668
0 0.40046838407494145 0.39895833333333336 0.08430913348946135 0.20208333333333334
0 0.04800936768149883 0.5614583333333333 0.08899297423887588 0.11458333333333333
0 0.8179156908665105 0.4239583333333333 0.06674473067915691 0.22291666666666668
0 0.10772833723653395 0.42291666666666666 0.07728337236533958 0.2
6 0.5269320843091335 0.75 0.24121779859484777 0.25416666666666665
0 0.5053278688524591 0.4214583333333334 0.10119437939110071 0.3614583333333333
0 0.60596018735363 0.4392916666666667 0.07056206088992974 0.19485416666666666
0 0.6803864168618267 0.43235416666666665 0.10571428571428572 0.22062500000000002
0 0.7787704918032787 0.3251666666666667 0.060948477751756436 0.25547916666666665