0 0.96875 0.38472222222222224 0.059375 0.19166666666666668
0 0.0921875 0.5791666666666667 0.10625 0.3194444444444444
0 0.70390625 0.4166666666666667 0.0578125 0.1388888888888889
0 0.38671875 0.5875 0.0546875 0.25277777777777777
0 0.3171875 0.5083333333333333 0.1375 0.22777777777777777
0 0.5765625 0.5791666666666667 0.140625 0.24166666666666667
0 0.33671875 0.5861111111111111 0.0578125 0.16111111111111112
0 0.18828125 0.5625 0.0640625 0.06944444444444445
0 0.7515625 0.5555555555555556 0.040625 0.09444444444444444
0 0.92109375 0.41388888888888886 0.0515625 0.09444444444444444
0 0.0546875 0.42083333333333334 0.078125 0.225
0 0.59203125 0.4432777777777778 0.10801562499999999 0.14027777777777778
0 0.63125 0.4444444444444444 0.03125 0.16666666666666666
0 0.27125 0.8565833333333334 0.147703125 0.18352777777777776
0 0.7795156249999999 0.39011111111111113 0.054515625 0.24938888888888888
0 0.8172656249999999 0.3669444444444444 0.073796875 0.12905555555555556