0 0.49765807962529274 0.75625 0.0468384074941452 0.075
0 0.7236533957845434 0.7645833333333333 0.01873536299765808 0.075
0 0.6018735362997658 0.7625 0.03044496487119438 0.075
0 0.7540983606557377 0.79375 0.02810304449648712 0.058333333333333334
0 0.4531615925058548 0.753125 0.04215456674473068 0.06875
0 0.6323185011709602 0.7447916666666666 0.02107728337236534 0.06458333333333334
0 0.6844262295081968 0.7645833333333333 0.02459016393442623 0.07083333333333333
0 0.6604215456674473 0.753125 0.02810304449648712 0.05625
0 0.7224824355971897 0.8677083333333333 0.01873536299765808 0.07291666666666667
0 0.752927400468384 0.8583333333333333 0.02810304449648712 0.05416666666666667
0 0.5667447306791569 0.7427083333333333 0.0468384074941452 0.06458333333333334
0 0.4994145199063232 0.8510416666666667 0.03864168618266979 0.07708333333333334
0 0.5491803278688525 0.734375 0.04918032786885246 0.06875
0 0.594847775175644 0.8583333333333333 0.01873536299765808 0.075
0 0.6604215456674473 0.8479166666666667 0.02576112412177986 0.041666666666666664
0 0.452576112412178 0.8395833333333333 0.040983606557377046 0.06666666666666667
0 0.6334894613583139 0.8552083333333333 0.01405152224824356 0.06041666666666667
0 0.5743559718969555 0.8552083333333333 0.026932084309133488 0.06875