0 0.95234375 0.39861111111111114 0.0921875 0.16944444444444445
0 0.5109375 0.5958333333333333 0.059375 0.2361111111111111
0 0.19140625 0.5861111111111111 0.0921875 0.3277777777777778
0 0.47421875 0.42777777777777776 0.0546875 0.15
0 0.45078125 0.2611111111111111 0.0203125 0.05555555555555555
0 0.05078125 0.5180555555555556 0.0515625 0.20833333333333334
0 0.39140625 0.5875 0.0640625 0.20277777777777778
0 0.3390625 0.525 0.128125 0.18333333333333332
0 0.4671875 0.8319444444444445 0.090625 0.1361111111111111
0 0.02421875 0.6013888888888889 0.0484375 0.19166666666666668
0 0.68315625 0.5918333333333333 0.14651562499999998 0.19849999999999998
0 0.860203125 0.42291666666666666 0.13187500000000002 0.1328888888888889
0 0.585015625 0.46458333333333335 0.06539062500000001 0.13841666666666666
0 0.679 0.42338888888888887 0.08820312500000001 0.12825