0 0.27634660421545665 0.45625 0.0468384074941452 0.1875
0 0.0468384074941452 0.565625 0.07259953161592506 0.11875
0 0.3477751756440281 0.471875 0.04215456674473068 0.19375
0 0.19730679156908665 0.46041666666666664 0.1252927400468384 0.42916666666666664
0 0.39344262295081966 0.39895833333333336 0.06557377049180328 0.21041666666666667
0 0.8189110070257611 0.456625 0.04755269320843091 0.16610416666666666
0 0.8694379391100703 0.459375 0.05503512880562061 0.19375
0 0.6211943793911007 0.45625 0.06674473067915691 0.16666666666666666
0 0.11651053864168619 0.45208333333333334 0.08782201405152225 0.42083333333333334
0 0.1522248243559719 0.5895833333333333 0.1053864168618267 0.19166666666666668
6 0.7833723653395784 0.7708333333333334 0.2576112412177986 0.2791666666666667
6 0.12646370023419204 0.7697916666666667 0.1920374707259953 0.18125
0 0.5148126463700234 0.4640833333333333 0.10230679156908666 0.2761875
0 0.7804449648711944 0.3072916666666667 0.08436768149882903 0.35070833333333334
0 0.6809484777517564 0.3783125 0.111288056206089 0.3703541666666667