0 0.366671875 0.5926666666666667 0.072921875 0.2631388888888889
0 0.56015625 0.5833333333333334 0.0640625 0.2777777777777778
0 0.878125 0.5861111111111111 0.084375 0.26666666666666666
0 0.63203125 0.5125 0.1359375 0.24166666666666667
0 0.79140625 0.37083333333333335 0.1109375 0.1361111111111111
0 0.2609375 0.65 0.0875 0.2388888888888889
0 0.721875 0.4125 0.109375 0.16944444444444445
0 0.984375 0.375 0.028125 0.17222222222222222
0 0.72421875 0.6263888888888889 0.0703125 0.18611111111111112
0 0.94140625 0.48055555555555557 0.1140625 0.23333333333333334
0 0.49375 0.5680555555555555 0.065625 0.06388888888888888
0 0.33192187500000003 0.4285277777777778 0.134671875 0.27811111111111114