0 0.02224824355971897 0.484375 0.04449648711943794 0.10625
0 0.40456674473067916 0.5427083333333333 0.03864168618266979 0.12291666666666666
0 0.2716627634660422 0.521875 0.03747072599531616 0.10625
0 0.20374707259953162 0.5010416666666667 0.0468384074941452 0.13125
0 0.32903981264637 0.528125 0.08899297423887588 0.12291666666666666
0 0.0936768149882904 0.4947916666666667 0.06557377049180328 0.11041666666666666
0 0.5450819672131147 0.6229166666666667 0.06440281030444965 0.1375
0 0.1451990632318501 0.46979166666666666 0.0585480093676815 0.17291666666666666
0 0.8846604215456675 0.64375 0.09718969555035128 0.15833333333333333
0 0.6112412177985949 0.609375 0.03044496487119438 0.10208333333333333
0 0.6820843091334895 0.5666666666666667 0.05269320843091335 0.08333333333333333
0 0.9759953161592506 0.7572916666666667 0.04566744730679157 0.06458333333333334
0 0.9039812646370023 0.7197916666666667 0.07494145199063232 0.14375
0 0.5737704918032787 0.565625 0.053864168618266976 0.12708333333333333
0 0.6926580796252927 0.6701875 0.060819672131147536 0.10722916666666667
0 0.7969555035128806 0.6911875 0.09324355971896955 0.14510416666666667